P= 1 DN= 1000000000 iters= 20 seconds= 272.4830904109478 fps= 0.07339905008357334 mps= 73.39905008357334 mps_per_runner= 73.39905008357334
P= 1 DN= 500000000 iters= 20 seconds= 132.01764812684058 fps= 0.15149489696092977 mps= 75.7474484804649 mps_per_runner= 75.7474484804649
P= 16 DN= 500000000 iters= 20 seconds= 20.09980883216858 fps= 0.9950343392316826 mps= 497.51716961584134 mps_per_runner= 31.094823100990084
